(kicad_pcb (version 20171130) (host pcbnew "(5.1.2)-1")

  (general
    (thickness 1.6)
    (drawings 8)
    (tracks 63)
    (zones 0)
    (modules 8)
    (nets 7)
  )

  (page A4)
  (layers
    (0 F.Cu signal)
    (31 B.Cu signal)
    (32 B.Adhes user)
    (33 F.Adhes user)
    (34 B.Paste user)
    (35 F.Paste user)
    (36 B.SilkS user)
    (37 F.SilkS user)
    (38 B.Mask user)
    (39 F.Mask user)
    (40 Dwgs.User user)
    (41 Cmts.User user)
    (42 Eco1.User user)
    (43 Eco2.User user)
    (44 Edge.Cuts user)
    (45 Margin user)
    (46 B.CrtYd user)
    (47 F.CrtYd user)
    (48 B.Fab user hide)
    (49 F.Fab user hide)
  )

  (setup
    (last_trace_width 0.25)
    (user_trace_width 0.2)
    (trace_clearance 0.2)
    (zone_clearance 0.508)
    (zone_45_only no)
    (trace_min 0.2)
    (via_size 0.8)
    (via_drill 0.4)
    (via_min_size 0.4)
    (via_min_drill 0.3)
    (user_via 0.51 0.3)
    (uvia_size 0.3)
    (uvia_drill 0.1)
    (uvias_allowed no)
    (uvia_min_size 0.2)
    (uvia_min_drill 0.1)
    (edge_width 0.05)
    (segment_width 0.2)
    (pcb_text_width 0.3)
    (pcb_text_size 1.5 1.5)
    (mod_edge_width 0.12)
    (mod_text_size 1 1)
    (mod_text_width 0.15)
    (pad_size 1.524 1.524)
    (pad_drill 0.762)
    (pad_to_mask_clearance 0.051)
    (solder_mask_min_width 0.25)
    (aux_axis_origin 0 0)
    (visible_elements 7FFFFFFF)
    (pcbplotparams
      (layerselection 0x010fc_ffffffff)
      (usegerberextensions false)
      (usegerberattributes false)
      (usegerberadvancedattributes false)
      (creategerberjobfile false)
      (excludeedgelayer true)
      (linewidth 0.100000)
      (plotframeref false)
      (viasonmask false)
      (mode 1)
      (useauxorigin false)
      (hpglpennumber 1)
      (hpglpenspeed 20)
      (hpglpendiameter 15.000000)
      (psnegative false)
      (psa4output false)
      (plotreference true)
      (plotvalue true)
      (plotinvisibletext false)
      (padsonsilk false)
      (subtractmaskfromsilk false)
      (outputformat 1)
      (mirror false)
      (drillshape 0)
      (scaleselection 1)
      (outputdirectory "gbr/"))
  )

  (net 0 "")
  (net 1 GND)
  (net 2 VIN)
  (net 3 +5V)
  (net 4 "Net-(L1-Pad2)")
  (net 5 "Net-(R1-Pad2)")
  (net 6 "Net-(R2-Pad2)")

  (net_class Default "This is the default net class."
    (clearance 0.2)
    (trace_width 0.25)
    (via_dia 0.8)
    (via_drill 0.4)
    (uvia_dia 0.3)
    (uvia_drill 0.1)
    (add_net +5V)
    (add_net GND)
    (add_net "Net-(L1-Pad2)")
    (add_net "Net-(R1-Pad2)")
    (add_net "Net-(R2-Pad2)")
    (add_net VIN)
  )

  (module Inductor_SMD:L_Taiyo-Yuden_NR-50xx (layer F.Cu) (tedit 5E8FC15E) (tstamp 5E8EE1A1)
    (at 143.383 96.266 180)
    (descr "Inductor, Taiyo Yuden, NR series, Taiyo-Yuden_NR-50xx, 4.9mmx4.9mm")
    (tags "inductor taiyo-yuden nr smd")
    (path /5E8E9909)
    (attr smd)
    (fp_text reference L1 (at -0.10668 -0.381) (layer F.SilkS)
      (effects (font (size 1 1) (thickness 0.15)))
    )
    (fp_text value 10uH (at 0 3.95) (layer F.Fab)
      (effects (font (size 1 1) (thickness 0.15)))
    )
    (fp_line (start 2.8 -2.75) (end -2.8 -2.75) (layer F.CrtYd) (width 0.05))
    (fp_line (start 2.8 2.75) (end 2.8 -2.75) (layer F.CrtYd) (width 0.05))
    (fp_line (start -2.8 2.75) (end 2.8 2.75) (layer F.CrtYd) (width 0.05))
    (fp_line (start -2.8 -2.75) (end -2.8 2.75) (layer F.CrtYd) (width 0.05))
    (fp_line (start -2.55 2.55) (end 2.55 2.55) (layer F.SilkS) (width 0.12))
    (fp_line (start -2.55 -2.55) (end 2.55 -2.55) (layer F.SilkS) (width 0.12))
    (fp_line (start -1.65 2.45) (end 0 2.45) (layer F.Fab) (width 0.1))
    (fp_line (start -2.45 1.65) (end -1.65 2.45) (layer F.Fab) (width 0.1))
    (fp_line (start -2.45 0) (end -2.45 1.65) (layer F.Fab) (width 0.1))
    (fp_line (start 1.65 2.45) (end 0 2.45) (layer F.Fab) (width 0.1))
    (fp_line (start 2.45 1.65) (end 1.65 2.45) (layer F.Fab) (width 0.1))
    (fp_line (start 2.45 0) (end 2.45 1.65) (layer F.Fab) (width 0.1))
    (fp_line (start 1.65 -2.45) (end 0 -2.45) (layer F.Fab) (width 0.1))
    (fp_line (start 2.45 -1.65) (end 1.65 -2.45) (layer F.Fab) (width 0.1))
    (fp_line (start 2.45 0) (end 2.45 -1.65) (layer F.Fab) (width 0.1))
    (fp_line (start -1.65 -2.45) (end 0 -2.45) (layer F.Fab) (width 0.1))
    (fp_line (start -2.45 -1.65) (end -1.65 -2.45) (layer F.Fab) (width 0.1))
    (fp_line (start -2.45 0) (end -2.45 -1.65) (layer F.Fab) (width 0.1))
    (fp_text user %R (at 0 0) (layer F.Fab)
      (effects (font (size 1 1) (thickness 0.15)))
    )
    (pad 2 smd rect (at 1.8 0 180) (size 1.5 4.2) (layers F.Cu F.Paste F.Mask)
      (net 4 "Net-(L1-Pad2)"))
    (pad 1 smd rect (at -1.8 0 180) (size 1.5 4.2) (layers F.Cu F.Paste F.Mask)
      (net 2 VIN))
    (model Z:/project/kicad/custom_libs/models/Inductors.3dshapes/IND_TAIYO_NRS5020.stp
      (at (xyz 0 0 0))
      (scale (xyz 1 1 1))
      (rotate (xyz 0 0 0))
    )
  )

  (module Package_TO_SOT_SMD:SOT-23-6 (layer F.Cu) (tedit 5A02FF57) (tstamp 5E8EE1EA)
    (at 142.748 101.092)
    (descr "6-pin SOT-23 package")
    (tags SOT-23-6)
    (path /5E8E8EA5)
    (attr smd)
    (fp_text reference U1 (at -2.794 1.397) (layer F.SilkS)
      (effects (font (size 1 1) (thickness 0.15)))
    )
    (fp_text value MCP1640CH (at 0 2.9) (layer F.Fab)
      (effects (font (size 1 1) (thickness 0.15)))
    )
    (fp_line (start 0.9 -1.55) (end 0.9 1.55) (layer F.Fab) (width 0.1))
    (fp_line (start 0.9 1.55) (end -0.9 1.55) (layer F.Fab) (width 0.1))
    (fp_line (start -0.9 -0.9) (end -0.9 1.55) (layer F.Fab) (width 0.1))
    (fp_line (start 0.9 -1.55) (end -0.25 -1.55) (layer F.Fab) (width 0.1))
    (fp_line (start -0.9 -0.9) (end -0.25 -1.55) (layer F.Fab) (width 0.1))
    (fp_line (start -1.9 -1.8) (end -1.9 1.8) (layer F.CrtYd) (width 0.05))
    (fp_line (start -1.9 1.8) (end 1.9 1.8) (layer F.CrtYd) (width 0.05))
    (fp_line (start 1.9 1.8) (end 1.9 -1.8) (layer F.CrtYd) (width 0.05))
    (fp_line (start 1.9 -1.8) (end -1.9 -1.8) (layer F.CrtYd) (width 0.05))
    (fp_line (start 0.9 -1.61) (end -1.55 -1.61) (layer F.SilkS) (width 0.12))
    (fp_line (start -0.9 1.61) (end 0.9 1.61) (layer F.SilkS) (width 0.12))
    (fp_text user %R (at 0 0 90) (layer F.Fab)
      (effects (font (size 0.5 0.5) (thickness 0.075)))
    )
    (pad 5 smd rect (at 1.1 0) (size 1.06 0.65) (layers F.Cu F.Paste F.Mask)
      (net 3 +5V))
    (pad 6 smd rect (at 1.1 -0.95) (size 1.06 0.65) (layers F.Cu F.Paste F.Mask)
      (net 2 VIN))
    (pad 4 smd rect (at 1.1 0.95) (size 1.06 0.65) (layers F.Cu F.Paste F.Mask)
      (net 6 "Net-(R2-Pad2)"))
    (pad 3 smd rect (at -1.1 0.95) (size 1.06 0.65) (layers F.Cu F.Paste F.Mask)
      (net 5 "Net-(R1-Pad2)"))
    (pad 2 smd rect (at -1.1 0) (size 1.06 0.65) (layers F.Cu F.Paste F.Mask)
      (net 1 GND))
    (pad 1 smd rect (at -1.1 -0.95) (size 1.06 0.65) (layers F.Cu F.Paste F.Mask)
      (net 4 "Net-(L1-Pad2)"))
    (model ${KISYS3DMOD}/Package_TO_SOT_SMD.3dshapes/SOT-23-6.wrl
      (at (xyz 0 0 0))
      (scale (xyz 1 1 1))
      (rotate (xyz 0 0 0))
    )
  )

  (module Resistor_SMD:R_0805_2012Metric (layer B.Cu) (tedit 5B36C52B) (tstamp 5E8EE1D4)
    (at 141.54 98.298 90)
    (descr "Resistor SMD 0805 (2012 Metric), square (rectangular) end terminal, IPC_7351 nominal, (Body size source: https://docs.google.com/spreadsheets/d/1BsfQQcO9C6DZCsRaXUlFlo91Tg2WpOkGARC1WS5S8t0/edit?usp=sharing), generated with kicad-footprint-generator")
    (tags resistor)
    (path /5E8EBE8E)
    (attr smd)
    (fp_text reference R3 (at 2.159 -0.062 180) (layer B.SilkS)
      (effects (font (size 1 1) (thickness 0.15)) (justify mirror))
    )
    (fp_text value 309kR (at 0 -1.65 270) (layer B.Fab)
      (effects (font (size 1 1) (thickness 0.15)) (justify mirror))
    )
    (fp_text user %R (at 0.296 -0.808 270) (layer B.Fab)
      (effects (font (size 0.5 0.5) (thickness 0.08)) (justify mirror))
    )
    (fp_line (start 1.68 -0.95) (end -1.68 -0.95) (layer B.CrtYd) (width 0.05))
    (fp_line (start 1.68 0.95) (end 1.68 -0.95) (layer B.CrtYd) (width 0.05))
    (fp_line (start -1.68 0.95) (end 1.68 0.95) (layer B.CrtYd) (width 0.05))
    (fp_line (start -1.68 -0.95) (end -1.68 0.95) (layer B.CrtYd) (width 0.05))
    (fp_line (start -0.258578 -0.71) (end 0.258578 -0.71) (layer B.SilkS) (width 0.12))
    (fp_line (start -0.258578 0.71) (end 0.258578 0.71) (layer B.SilkS) (width 0.12))
    (fp_line (start 1 -0.6) (end -1 -0.6) (layer B.Fab) (width 0.1))
    (fp_line (start 1 0.6) (end 1 -0.6) (layer B.Fab) (width 0.1))
    (fp_line (start -1 0.6) (end 1 0.6) (layer B.Fab) (width 0.1))
    (fp_line (start -1 -0.6) (end -1 0.6) (layer B.Fab) (width 0.1))
    (pad 2 smd roundrect (at 0.9375 0 90) (size 0.975 1.4) (layers B.Cu B.Paste B.Mask) (roundrect_rratio 0.25)
      (net 1 GND))
    (pad 1 smd roundrect (at -0.9375 0 90) (size 0.975 1.4) (layers B.Cu B.Paste B.Mask) (roundrect_rratio 0.25)
      (net 6 "Net-(R2-Pad2)"))
    (model ${KISYS3DMOD}/Resistor_SMD.3dshapes/R_0805_2012Metric.wrl
      (at (xyz 0 0 0))
      (scale (xyz 1 1 1))
      (rotate (xyz 0 0 0))
    )
  )

  (module Resistor_SMD:R_0805_2012Metric (layer B.Cu) (tedit 5B36C52B) (tstamp 5E8EE1C3)
    (at 143.54 97.2035 270)
    (descr "Resistor SMD 0805 (2012 Metric), square (rectangular) end terminal, IPC_7351 nominal, (Body size source: https://docs.google.com/spreadsheets/d/1BsfQQcO9C6DZCsRaXUlFlo91Tg2WpOkGARC1WS5S8t0/edit?usp=sharing), generated with kicad-footprint-generator")
    (tags resistor)
    (path /5E8EAF22)
    (attr smd)
    (fp_text reference R2 (at -0.8105 -1.56512 90) (layer B.SilkS)
      (effects (font (size 1 1) (thickness 0.15)) (justify mirror))
    )
    (fp_text value 976kR (at 0 -1.65 90) (layer B.Fab)
      (effects (font (size 1 1) (thickness 0.15)) (justify mirror))
    )
    (fp_line (start -1 -0.6) (end -1 0.6) (layer B.Fab) (width 0.1))
    (fp_line (start -1 0.6) (end 1 0.6) (layer B.Fab) (width 0.1))
    (fp_line (start 1 0.6) (end 1 -0.6) (layer B.Fab) (width 0.1))
    (fp_line (start 1 -0.6) (end -1 -0.6) (layer B.Fab) (width 0.1))
    (fp_line (start -0.258578 0.71) (end 0.258578 0.71) (layer B.SilkS) (width 0.12))
    (fp_line (start -0.258578 -0.71) (end 0.258578 -0.71) (layer B.SilkS) (width 0.12))
    (fp_line (start -1.68 -0.95) (end -1.68 0.95) (layer B.CrtYd) (width 0.05))
    (fp_line (start -1.68 0.95) (end 1.68 0.95) (layer B.CrtYd) (width 0.05))
    (fp_line (start 1.68 0.95) (end 1.68 -0.95) (layer B.CrtYd) (width 0.05))
    (fp_line (start 1.68 -0.95) (end -1.68 -0.95) (layer B.CrtYd) (width 0.05))
    (fp_text user %R (at 0 0 90) (layer B.Fab)
      (effects (font (size 0.5 0.5) (thickness 0.08)) (justify mirror))
    )
    (pad 1 smd roundrect (at -0.9375 0 270) (size 0.975 1.4) (layers B.Cu B.Paste B.Mask) (roundrect_rratio 0.25)
      (net 3 +5V))
    (pad 2 smd roundrect (at 0.9375 0 270) (size 0.975 1.4) (layers B.Cu B.Paste B.Mask) (roundrect_rratio 0.25)
      (net 6 "Net-(R2-Pad2)"))
    (model ${KISYS3DMOD}/Resistor_SMD.3dshapes/R_0805_2012Metric.wrl
      (at (xyz 0 0 0))
      (scale (xyz 1 1 1))
      (rotate (xyz 0 0 0))
    )
  )

  (module Resistor_SMD:R_0805_2012Metric (layer F.Cu) (tedit 5B36C52B) (tstamp 5E8EE1B2)
    (at 145.796 101.092 270)
    (descr "Resistor SMD 0805 (2012 Metric), square (rectangular) end terminal, IPC_7351 nominal, (Body size source: https://docs.google.com/spreadsheets/d/1BsfQQcO9C6DZCsRaXUlFlo91Tg2WpOkGARC1WS5S8t0/edit?usp=sharing), generated with kicad-footprint-generator")
    (tags resistor)
    (path /5E8EDE93)
    (attr smd)
    (fp_text reference R1 (at -2.04216 -0.16764 180) (layer F.SilkS)
      (effects (font (size 1 1) (thickness 0.15)))
    )
    (fp_text value 10kR (at 0 1.65 90) (layer F.Fab)
      (effects (font (size 1 1) (thickness 0.15)))
    )
    (fp_text user %R (at 0 0 90) (layer F.Fab)
      (effects (font (size 0.5 0.5) (thickness 0.08)))
    )
    (fp_line (start 1.68 0.95) (end -1.68 0.95) (layer F.CrtYd) (width 0.05))
    (fp_line (start 1.68 -0.95) (end 1.68 0.95) (layer F.CrtYd) (width 0.05))
    (fp_line (start -1.68 -0.95) (end 1.68 -0.95) (layer F.CrtYd) (width 0.05))
    (fp_line (start -1.68 0.95) (end -1.68 -0.95) (layer F.CrtYd) (width 0.05))
    (fp_line (start -0.258578 0.71) (end 0.258578 0.71) (layer F.SilkS) (width 0.12))
    (fp_line (start -0.258578 -0.71) (end 0.258578 -0.71) (layer F.SilkS) (width 0.12))
    (fp_line (start 1 0.6) (end -1 0.6) (layer F.Fab) (width 0.1))
    (fp_line (start 1 -0.6) (end 1 0.6) (layer F.Fab) (width 0.1))
    (fp_line (start -1 -0.6) (end 1 -0.6) (layer F.Fab) (width 0.1))
    (fp_line (start -1 0.6) (end -1 -0.6) (layer F.Fab) (width 0.1))
    (pad 2 smd roundrect (at 0.9375 0 270) (size 0.975 1.4) (layers F.Cu F.Paste F.Mask) (roundrect_rratio 0.25)
      (net 5 "Net-(R1-Pad2)"))
    (pad 1 smd roundrect (at -0.9375 0 270) (size 0.975 1.4) (layers F.Cu F.Paste F.Mask) (roundrect_rratio 0.25)
      (net 2 VIN))
    (model ${KISYS3DMOD}/Resistor_SMD.3dshapes/R_0805_2012Metric.wrl
      (at (xyz 0 0 0))
      (scale (xyz 1 1 1))
      (rotate (xyz 0 0 0))
    )
  )

  (module Connector_PinHeader_2.54mm:PinHeader_1x03_P2.54mm_Vertical (layer F.Cu) (tedit 59FED5CC) (tstamp 5E8EE188)
    (at 136.144 96.012)
    (descr "Through hole straight pin header, 1x03, 2.54mm pitch, single row")
    (tags "Through hole pin header THT 1x03 2.54mm single row")
    (path /5E8F3622)
    (fp_text reference J1 (at 0 -1.905) (layer F.SilkS) hide
      (effects (font (size 1 1) (thickness 0.15)))
    )
    (fp_text value Conn_01x03 (at 0 7.41) (layer F.Fab)
      (effects (font (size 1 1) (thickness 0.15)))
    )
    (fp_text user %R (at 0 2.54 90) (layer F.Fab)
      (effects (font (size 1 1) (thickness 0.15)))
    )
    (fp_line (start 1.8 -1.8) (end -1.8 -1.8) (layer F.CrtYd) (width 0.05))
    (fp_line (start 1.8 6.85) (end 1.8 -1.8) (layer F.CrtYd) (width 0.05))
    (fp_line (start -1.8 6.85) (end 1.8 6.85) (layer F.CrtYd) (width 0.05))
    (fp_line (start -1.8 -1.8) (end -1.8 6.85) (layer F.CrtYd) (width 0.05))
    (fp_line (start -1.33 -1.33) (end 0 -1.33) (layer F.SilkS) (width 0.12))
    (fp_line (start -1.33 0) (end -1.33 -1.33) (layer F.SilkS) (width 0.12))
    (fp_line (start -1.33 1.27) (end 1.33 1.27) (layer F.SilkS) (width 0.12))
    (fp_line (start 1.33 1.27) (end 1.33 6.41) (layer F.SilkS) (width 0.12))
    (fp_line (start -1.33 1.27) (end -1.33 6.41) (layer F.SilkS) (width 0.12))
    (fp_line (start -1.33 6.41) (end 1.33 6.41) (layer F.SilkS) (width 0.12))
    (fp_line (start -1.27 -0.635) (end -0.635 -1.27) (layer F.Fab) (width 0.1))
    (fp_line (start -1.27 6.35) (end -1.27 -0.635) (layer F.Fab) (width 0.1))
    (fp_line (start 1.27 6.35) (end -1.27 6.35) (layer F.Fab) (width 0.1))
    (fp_line (start 1.27 -1.27) (end 1.27 6.35) (layer F.Fab) (width 0.1))
    (fp_line (start -0.635 -1.27) (end 1.27 -1.27) (layer F.Fab) (width 0.1))
    (pad 3 thru_hole oval (at 0 5.08) (size 1.7 1.7) (drill 1) (layers *.Cu *.Mask)
      (net 2 VIN))
    (pad 2 thru_hole oval (at 0 2.54) (size 1.7 1.7) (drill 1) (layers *.Cu *.Mask)
      (net 1 GND))
    (pad 1 thru_hole rect (at 0 0) (size 1.7 1.7) (drill 1) (layers *.Cu *.Mask)
      (net 3 +5V))
    (model ${KISYS3DMOD}/Connector_PinHeader_2.54mm.3dshapes/PinHeader_1x03_P2.54mm_Vertical.wrl
      (at (xyz 0 0 0))
      (scale (xyz 1 1 1))
      (rotate (xyz 0 0 0))
    )
  )

  (module Capacitor_SMD:C_0805_2012Metric (layer B.Cu) (tedit 5B36C52B) (tstamp 5E8EE171)
    (at 142.24 94.488)
    (descr "Capacitor SMD 0805 (2012 Metric), square (rectangular) end terminal, IPC_7351 nominal, (Body size source: https://docs.google.com/spreadsheets/d/1BsfQQcO9C6DZCsRaXUlFlo91Tg2WpOkGARC1WS5S8t0/edit?usp=sharing), generated with kicad-footprint-generator")
    (tags capacitor)
    (path /5E8EEC18)
    (attr smd)
    (fp_text reference C2 (at 2.58572 -0.23876) (layer B.SilkS)
      (effects (font (size 1 1) (thickness 0.15)) (justify mirror))
    )
    (fp_text value 10uF (at 0 -1.65) (layer B.Fab)
      (effects (font (size 1 1) (thickness 0.15)) (justify mirror))
    )
    (fp_text user %R (at 0 0) (layer B.Fab)
      (effects (font (size 0.5 0.5) (thickness 0.08)) (justify mirror))
    )
    (fp_line (start 1.68 -0.95) (end -1.68 -0.95) (layer B.CrtYd) (width 0.05))
    (fp_line (start 1.68 0.95) (end 1.68 -0.95) (layer B.CrtYd) (width 0.05))
    (fp_line (start -1.68 0.95) (end 1.68 0.95) (layer B.CrtYd) (width 0.05))
    (fp_line (start -1.68 -0.95) (end -1.68 0.95) (layer B.CrtYd) (width 0.05))
    (fp_line (start -0.258578 -0.71) (end 0.258578 -0.71) (layer B.SilkS) (width 0.12))
    (fp_line (start -0.258578 0.71) (end 0.258578 0.71) (layer B.SilkS) (width 0.12))
    (fp_line (start 1 -0.6) (end -1 -0.6) (layer B.Fab) (width 0.1))
    (fp_line (start 1 0.6) (end 1 -0.6) (layer B.Fab) (width 0.1))
    (fp_line (start -1 0.6) (end 1 0.6) (layer B.Fab) (width 0.1))
    (fp_line (start -1 -0.6) (end -1 0.6) (layer B.Fab) (width 0.1))
    (pad 2 smd roundrect (at 0.9375 0) (size 0.975 1.4) (layers B.Cu B.Paste B.Mask) (roundrect_rratio 0.25)
      (net 1 GND))
    (pad 1 smd roundrect (at -0.9375 0) (size 0.975 1.4) (layers B.Cu B.Paste B.Mask) (roundrect_rratio 0.25)
      (net 3 +5V))
    (model ${KISYS3DMOD}/Capacitor_SMD.3dshapes/C_0805_2012Metric.wrl
      (at (xyz 0 0 0))
      (scale (xyz 1 1 1))
      (rotate (xyz 0 0 0))
    )
  )

  (module Capacitor_SMD:C_0805_2012Metric (layer B.Cu) (tedit 5B36C52B) (tstamp 5E8EE160)
    (at 142.24 101.6)
    (descr "Capacitor SMD 0805 (2012 Metric), square (rectangular) end terminal, IPC_7351 nominal, (Body size source: https://docs.google.com/spreadsheets/d/1BsfQQcO9C6DZCsRaXUlFlo91Tg2WpOkGARC1WS5S8t0/edit?usp=sharing), generated with kicad-footprint-generator")
    (tags capacitor)
    (path /5E8EDFE0)
    (attr smd)
    (fp_text reference C1 (at 1.143 -1.524) (layer B.SilkS)
      (effects (font (size 1 1) (thickness 0.15)) (justify mirror))
    )
    (fp_text value 10uF (at 0 -1.65) (layer B.Fab)
      (effects (font (size 1 1) (thickness 0.15)) (justify mirror))
    )
    (fp_text user %R (at 0 0) (layer B.Fab)
      (effects (font (size 0.5 0.5) (thickness 0.08)) (justify mirror))
    )
    (fp_line (start 1.68 -0.95) (end -1.68 -0.95) (layer B.CrtYd) (width 0.05))
    (fp_line (start 1.68 0.95) (end 1.68 -0.95) (layer B.CrtYd) (width 0.05))
    (fp_line (start -1.68 0.95) (end 1.68 0.95) (layer B.CrtYd) (width 0.05))
    (fp_line (start -1.68 -0.95) (end -1.68 0.95) (layer B.CrtYd) (width 0.05))
    (fp_line (start -0.258578 -0.71) (end 0.258578 -0.71) (layer B.SilkS) (width 0.12))
    (fp_line (start -0.258578 0.71) (end 0.258578 0.71) (layer B.SilkS) (width 0.12))
    (fp_line (start 1 -0.6) (end -1 -0.6) (layer B.Fab) (width 0.1))
    (fp_line (start 1 0.6) (end 1 -0.6) (layer B.Fab) (width 0.1))
    (fp_line (start -1 0.6) (end 1 0.6) (layer B.Fab) (width 0.1))
    (fp_line (start -1 -0.6) (end -1 0.6) (layer B.Fab) (width 0.1))
    (pad 2 smd roundrect (at 0.9375 0) (size 0.975 1.4) (layers B.Cu B.Paste B.Mask) (roundrect_rratio 0.25)
      (net 1 GND))
    (pad 1 smd roundrect (at -0.9375 0) (size 0.975 1.4) (layers B.Cu B.Paste B.Mask) (roundrect_rratio 0.25)
      (net 2 VIN))
    (model ${KISYS3DMOD}/Capacitor_SMD.3dshapes/C_0805_2012Metric.wrl
      (at (xyz 0 0 0))
      (scale (xyz 1 1 1))
      (rotate (xyz 0 0 0))
    )
  )

  (gr_text "WM v0.0.0\n04/09/20" (at 138.938 98.298 90) (layer B.SilkS)
    (effects (font (size 1 1) (thickness 0.15)) (justify mirror))
  )
  (gr_text VIN (at 139.065 101.092) (layer F.SilkS) (tstamp 5E8FC7FA)
    (effects (font (size 1 1) (thickness 0.15)))
  )
  (gr_text GND (at 139.065 98.679) (layer F.SilkS) (tstamp 5E8FC2FB)
    (effects (font (size 1 1) (thickness 0.15)))
  )
  (gr_text +5V (at 138.938 96.012) (layer F.SilkS)
    (effects (font (size 1 1) (thickness 0.15)))
  )
  (gr_line (start 146.812 93.472) (end 134.112 93.472) (layer Edge.Cuts) (width 0.05) (tstamp 5E8EE4BD))
  (gr_line (start 146.812 103.124) (end 146.812 93.472) (layer Edge.Cuts) (width 0.05))
  (gr_line (start 134.112 103.124) (end 146.812 103.124) (layer Edge.Cuts) (width 0.05))
  (gr_line (start 134.112 93.472) (end 134.112 103.124) (layer Edge.Cuts) (width 0.05))

  (segment (start 136.144 98.552) (end 137.8085 98.552) (width 0.2) (layer B.Cu) (net 1))
  (segment (start 136.144 98.552) (end 136.652 98.552) (width 0.2) (layer F.Cu) (net 1))
  (segment (start 143.1775 94.488) (end 143.1775 94.5365) (width 0.2) (layer B.Cu) (net 1))
  (segment (start 141.224 101.092) (end 138.684 98.552) (width 0.25) (layer F.Cu) (net 1))
  (segment (start 141.648 101.092) (end 141.224 101.092) (width 0.25) (layer F.Cu) (net 1))
  (segment (start 143.1775 101.6) (end 143.1775 101.61294) (width 0.25) (layer B.Cu) (net 1))
  (segment (start 143.1775 101.61294) (end 143.4846 101.92004) (width 0.25) (layer B.Cu) (net 1))
  (segment (start 143.4846 101.92004) (end 145.14068 101.92004) (width 0.25) (layer B.Cu) (net 1))
  (segment (start 145.14068 101.92004) (end 145.92808 101.13264) (width 0.25) (layer B.Cu) (net 1))
  (segment (start 145.92808 101.13264) (end 145.92808 96.24568) (width 0.25) (layer B.Cu) (net 1))
  (segment (start 145.92808 96.24568) (end 144.9324 95.25) (width 0.25) (layer B.Cu) (net 1))
  (via (at 143.82496 95.13316) (size 0.8) (drill 0.4) (layers F.Cu B.Cu) (net 1))
  (segment (start 143.1775 94.488) (end 143.1798 94.488) (width 0.25) (layer B.Cu) (net 1))
  (segment (start 143.1798 94.488) (end 143.82496 95.13316) (width 0.25) (layer B.Cu) (net 1))
  (segment (start 143.9418 95.25) (end 143.82496 95.13316) (width 0.25) (layer B.Cu) (net 1))
  (segment (start 144.9324 95.25) (end 143.9418 95.25) (width 0.25) (layer B.Cu) (net 1))
  (segment (start 138.684 98.552) (end 136.144 98.552) (width 0.25) (layer F.Cu) (net 1))
  (segment (start 137.8085 98.552) (end 140.3485 98.552) (width 0.25) (layer B.Cu) (net 1))
  (segment (start 143.39824 94.70644) (end 143.82496 95.13316) (width 0.25) (layer F.Cu) (net 1))
  (segment (start 136.144 98.552) (end 137.72896 96.96704) (width 0.25) (layer F.Cu) (net 1))
  (segment (start 137.72896 94.17304) (end 138.06424 93.83776) (width 0.25) (layer F.Cu) (net 1))
  (segment (start 138.06424 93.83776) (end 142.94104 93.83776) (width 0.25) (layer F.Cu) (net 1))
  (segment (start 142.94104 93.83776) (end 143.39824 94.29496) (width 0.25) (layer F.Cu) (net 1))
  (segment (start 137.72896 96.96704) (end 137.72896 94.17304) (width 0.25) (layer F.Cu) (net 1))
  (segment (start 143.39824 94.29496) (end 143.39824 94.70644) (width 0.25) (layer F.Cu) (net 1))
  (segment (start 140.3485 98.552) (end 141.54 97.3605) (width 0.25) (layer B.Cu) (net 1))
  (segment (start 141.3025 101.6) (end 141.3025 101.1405) (width 0.2) (layer B.Cu) (net 2))
  (via (at 144.653 99.314) (size 0.8) (drill 0.4) (layers F.Cu B.Cu) (net 2))
  (segment (start 143.848 100.119) (end 144.653 99.314) (width 0.2) (layer F.Cu) (net 2))
  (segment (start 143.848 100.142) (end 143.848 100.119) (width 0.2) (layer F.Cu) (net 2))
  (segment (start 145.4935 100.1545) (end 144.653 99.314) (width 0.2) (layer F.Cu) (net 2))
  (segment (start 145.796 100.1545) (end 145.4935 100.1545) (width 0.2) (layer F.Cu) (net 2))
  (segment (start 144.653 96.796) (end 145.183 96.266) (width 0.2) (layer F.Cu) (net 2))
  (segment (start 144.653 99.314) (end 144.653 96.796) (width 0.2) (layer F.Cu) (net 2))
  (segment (start 141.3025 101.6) (end 141.3025 101.2167) (width 0.25) (layer B.Cu) (net 2))
  (segment (start 143.2052 99.314) (end 144.653 99.314) (width 0.25) (layer B.Cu) (net 2))
  (segment (start 141.3025 101.2167) (end 143.2052 99.314) (width 0.25) (layer B.Cu) (net 2))
  (segment (start 136.652 101.6) (end 136.144 101.092) (width 0.25) (layer B.Cu) (net 2))
  (segment (start 141.3025 101.6) (end 136.652 101.6) (width 0.25) (layer B.Cu) (net 2))
  (via (at 144.78 101.092) (size 0.8) (drill 0.4) (layers F.Cu B.Cu) (net 3))
  (segment (start 143.848 101.092) (end 144.78 101.092) (width 0.25) (layer F.Cu) (net 3))
  (segment (start 144.78 101.092) (end 144.88668 101.092) (width 0.25) (layer B.Cu) (net 3))
  (segment (start 144.88668 101.092) (end 145.38452 100.59416) (width 0.25) (layer B.Cu) (net 3))
  (segment (start 145.38452 100.59416) (end 145.38452 98.11052) (width 0.25) (layer B.Cu) (net 3))
  (segment (start 143.0805 96.266) (end 141.3025 94.488) (width 0.25) (layer B.Cu) (net 3))
  (segment (start 143.54 96.266) (end 143.0805 96.266) (width 0.25) (layer B.Cu) (net 3))
  (segment (start 145.38452 98.11052) (end 143.54 96.266) (width 0.25) (layer B.Cu) (net 3))
  (segment (start 137.668 94.488) (end 136.144 96.012) (width 0.25) (layer B.Cu) (net 3))
  (segment (start 141.3025 94.488) (end 137.668 94.488) (width 0.25) (layer B.Cu) (net 3))
  (segment (start 141.583 100.077) (end 141.648 100.142) (width 0.2) (layer F.Cu) (net 4))
  (segment (start 141.583 96.266) (end 141.583 100.077) (width 0.2) (layer F.Cu) (net 4))
  (segment (start 145.796 102.0295) (end 145.796 102.235) (width 0.2) (layer F.Cu) (net 5))
  (segment (start 145.796 102.235) (end 145.288 102.743) (width 0.2) (layer F.Cu) (net 5))
  (segment (start 142.349 102.743) (end 141.648 102.042) (width 0.2) (layer F.Cu) (net 5))
  (segment (start 145.288 102.743) (end 142.349 102.743) (width 0.2) (layer F.Cu) (net 5))
  (segment (start 142.6345 98.141) (end 141.54 99.2355) (width 0.2) (layer B.Cu) (net 6))
  (segment (start 143.54 98.141) (end 142.6345 98.141) (width 0.2) (layer B.Cu) (net 6))
  (segment (start 143.848 102.042) (end 142.936 102.042) (width 0.2) (layer F.Cu) (net 6))
  (segment (start 142.936 102.042) (end 142.748 101.854) (width 0.2) (layer F.Cu) (net 6))
  (via (at 142.748 98.806) (size 0.51) (drill 0.3) (layers F.Cu B.Cu) (net 6))
  (segment (start 142.748 101.854) (end 142.748 98.806) (width 0.2) (layer F.Cu) (net 6))
  (segment (start 142.875 98.806) (end 143.54 98.141) (width 0.2) (layer B.Cu) (net 6))
  (segment (start 142.748 98.806) (end 142.875 98.806) (width 0.2) (layer B.Cu) (net 6))

)
